type int

R 4359 4482 0
R 4507 4825 0
R 5219 5251 0
R 5662 6034 0
R 6210 6263 0
R 11262 11319 1
R 11362 11396 1
R 11481 11529 1
R 11631 11669 1
R 11841 11888 1
R 11949 12129 1
R 14145 14267 1
R 14652 14732 1
R 14762 14845 0
R 14956 15016 0
R 15054 15102 0
R 15200 15269 2
R 15297 15347 0
R 15411 15532 0
R 15589 15688 2
R 18421 18457 2
R 18495 18589 2
R 20507 20642 1
R 20815 20913 1
R 21121 21224 1
R 22170 22274 1
R 22344 22503 1
R 22588 22644 1
R 22685 22716 1
R 22802 22872 1
R 22991 23075 1
R 23168 23199 1
R 23267 23311 1
R 23521 23707 1
R 23753 23803 1
R 24031 24078 1
R 24511 24585 1
R 24743 24859 1
R 25265 25357 1
R 25410 25481 1
R 25666 25710 1
R 25953 26010 1
R 26144 26320 1
R 27178 27319 0
R 27408 27459 2
R 27606 27802 1
R 27839 27878 1
R 30682 30810 1
R 30854 30961 1
R 31091 31198 1
R 31253 31317 1
R 31385 31411 1
R 31561 32061 1
R 32162 32317 1
R 32352 32678 1
R 32750 32816 1
R 33114 33206 1
R 33254 33528 1
R 34842 35060 3
R 35291 35410 3
R 36116 36182 2
R 36657 36724 1
R 36754 36795 1
R 37106 37211 1
R 37275 37368 1
R 37660 37681 1
R 38778 39659 1
R 42179 42239 1
R 42463 42525 1
R 42568 42602 1
R 42603 42774 1
R 43231 43752 1
R 43867 43952 1
R 44249 44301 2
R 49043 49231 1
R 59706 60491 1
R 60998 61245 1
R 61854 61889 1
R 62192 62261 1
R 62742 62879 1
R 63075 63289 1
R 63499 63647 1
R 70314 70440 3
R 71077 71182 3
R 71183 71234 2
R 71299 71350 3
R 72115 72152 1
R 72197 72234 2
R 72555 72874 3
R 73164 73216 2
R 73306 73526 2
R 74379 74472 1
R 74473 74675 3
R 75088 75249 3
R 75447 76257 3
R 76258 76389 2
R 76390 76710 3
R 77181 77277 3
R 77278 77354 1
R 77355 77515 3
R 77611 77649 3
R 77712 78141 1
R 80243 80288 0
R 80349 80414 0
R 80599 80657 0
R 80805 80875 1
R 80975 81030 1
R 81301 81618 1
R 82109 82301 1
R 84074 84130 0
R 85450 85495 0
R 85576 85622 0
R 85795 85940 0
R 86258 86383 0
R 87484 87618 2
R 88200 88388 1
R 88498 88923 1
R 88924 89007 3
R 89133 89208 3
R 89308 89435 2
R 89536 89843 3
R 90163 90332 1
R 90433 90473 2
R 90555 90670 2
R 90767 90797 1
R 90949 91334 1
R 91391 91746 1
R 102229 102316 1
R 102531 102808 1
R 103487 103541 2
R 103985 104084 1
R 105023 105232 0
R 105290 105557 0
R 110376 110476 0
R 112801 113007 0
R 114799 114900 1
R 115452 115492 1
R 115579 115755 1
R 116736 117009 0
R 117381 117507 0
R 117713 117791 0
R 118339 118580 0
R 118786 118922 0
R 118923 118981 2
R 119083 119351 0
R 119574 119619 2
R 119656 119710 2
R 119741 119795 2
R 119863 119926 2
R 119927 120097 0
R 120362 120663 2
R 120664 120744 0
R 120745 120911 2
R 120912 121049 0
R 121050 121121 1
R 121371 121455 0
R 121848 121941 0
R 122236 122404 0
R 122452 122496 2
R 122716 122763 2
R 122801 122842 2
R 123280 123318 0
R 123386 123432 0
R 123491 123523 0
R 123603 123722 0
R 123759 123827 0
R 123989 124020 0
R 124343 124394 0
R 124433 124518 0
R 124579 124665 0
R 124672 124744 0
R 126233 126312 1
R 126379 126537 2
R 126538 126601 1
R 126726 126814 1
R 127055 127160 1
R 127372 127442 1
R 127502 127569 1
R 127654 127729 1
R 127830 127982 1
R 128032 128087 1
R 128584 128842 1
R 129112 129399 1
R 129793 130187 1
R 130459 130508 0
R 130753 130783 2
R 132179 132189 2
R 133112 133330 0
R 133441 133494 0
R 134075 134135 1
R 134188 134348 1
R 134494 134661 4
R 134801 134934 0
R 135702 135796 1
R 135858 135967 0
R 136303 136392 0
R 137667 138238 0
R 139461 139611 3
R 139735 140059 2
R 140336 140606 1
R 141502 141563 0
R 143171 143357 0
R 143410 143597 0
R 144790 145134 0
R 147709 148389 0
R 148503 149021 0
R 149116 149311 1
R 149386 149434 0
R 149546 149751 0
R 149830 150028 0
R 150287 150377 0
R 150552 150607 0
R 150955 151033 0
R 151382 151553 1
R 154366 154425 1
R 155905 155952 1
R 156369 156529 0
R 157146 157273 0
R 157634 157725 0
R 158056 158139 0
R 158262 158305 0
R 158570 158614 0
R 160084 160177 0
R 162561 162585 1
R 162660 162686 1
R 162723 162784 1
R 163874 164011 0
R 165472 165569 0
R 165755 166157 0
R 166257 166373 1
R 167132 167234 0
R 167309 167492 0
R 168091 168269 0
R 168292 168348 1
R 168349 168563 0
R 168587 168849 0
R 168924 168981 0
R 169837 170455 1
R 170534 170669 1
R 170868 171299 1
R 171462 171765 1
R 172641 173142 0
R 174589 174867 0
