type int

R 481 2801 0
R 2802 3955 0
R 3956 4635 0
R 4636 5442 0
R 5442 7224 0
R 7225 17844 0
R 19192 20540 0
R 20541 21036 0
R 21037 22731 0
R 22732 26092 0
R 26093 31367 0
R 31415 33500 0
R 34768 34813 0
R 36745 38650 0
R 39232 43395 0
R 43803 48401 0
R 49158 50433 0
R 50458 63711 0
R 63725 78968 0
R 79205 85037 0
R 85184 90982 0
R 91011 96729 0
R 96774 96903 0
R 97071 97111 0
R 97333 98115 0
R 98211 98547 0
R 98643 138884 0
R 139172 139322 0
R 139744 149165 0
R 149184 178969 0
R 179686 218071 0
R 218899 218971 0
R 219083 219756 0
R 219844 259393 0
R 260064 313619 0
R 313826 331002 0
