type int

R 1059 1326 0
R 1327 2232 1
R 2787 2892 2
R 3151 3432 2
R 3489 3613 2
R 4094 4405 2
R 5712 5879 0
R 6033 6086 0
R 6260 6306 0
R 6458 6567 0
R 6725 6752 2
R 6930 7063 0
R 7107 7134 0
R 7239 7266 0
R 7912 8010 0
R 8050 8193 0
R 8332 8420 2
R 8421 8487 0
R 9023 9120 0
R 9594 9629 2
R 9704 9761 0
R 9789 9828 0
R 9856 10014 0
R 10045 10354 0
R 10358 10442 2
R 10755 10836 2
R 10932 10977 2
R 11187 11267 2
R 11674 11793 2
R 12296 12378 2
R 12440 12511 2
R 12668 12701 2
R 12808 12858 0
R 13022 13064 2
R 13098 13126 2
R 13155 13310 2
R 13346 13879 2
R 13909 14058 2
R 14808 14842 2
R 14913 14940 2
R 14941 15043 0
R 15168 15186 2
R 15226 15249 2
R 15353 15560 2
R 15586 15655 2
R 16285 16482 3
R 17359 17447 2
R 17570 17763 3
R 17764 17809 0
R 17810 18431 2
R 18782 18859 2
R 18928 19028 2
R 19226 19514 2
R 20480 20522 2
R 20650 20694 0
R 20852 20895 0
R 20937 21075 0
R 21168 21556 2
R 21679 21931 2
R 22388 22615 2
R 22667 22750 2
R 22792 22878 2
R 23205 23238 2
R 23599 23635 2
R 23919 23946 2
R 24414 24462 2
R 24521 24552 2
R 27296 27306 2
R 29899 29919 2
R 29944 29969 2
R 30023 30099 0
R 31232 31303 4
R 31427 31450 2
R 31667 31759 2
R 31802 31864 0
R 32733 32932 2
R 33808 33916 2
R 34316 34392 2
R 53359 53419 0
R 53473 53562 0
R 53642 53683 0
R 53720 53783 2
R 54940 54973 2
R 56426 56615 2
R 56671 56724 2
R 56763 56830 2
R 57286 57357 2
R 57392 57437 2
R 58721 58763 2
R 59269 59305 2
R 65656 65826 2
R 66236 66264 2
R 67166 67381 2
R 67520 67638 2
R 67808 67841 2
R 67948 67966 2
R 68015 68155 2
R 68884 68965 2
R 69299 69469 2
R 76755 76799 2
R 80940 80964 2
R 81298 81352 2
R 83561 83835 0
R 84107 84151 0
R 84176 84212 0
R 84239 84286 0
R 84318 84357 0
R 84592 84652 0
R 84990 85226 2
R 85293 85355 2
R 85506 85748 2
R 85850 86004 0
R 86037 86127 2
R 86168 86225 2
R 86525 86570 2
R 87006 87076 0
R 87242 87289 2
R 87478 87685 0
R 87707 87955 0
R 87981 88168 0
R 88653 88682 2
R 90010 90062 0
R 91087 91157 2
R 92478 92540 0
R 93002 93137 0
R 93927 94325 2
R 94507 94612 2
R 94623 94649 2
R 94845 94921 2
R 94962 95000 2
R 95295 95325 2
R 97847 98004 2
R 98081 98207 0
R 98306 98344 0
R 98385 98415 0
R 98561 98924 2
R 99149 99178 2
R 99207 99275 2
R 99479 99614 2
R 99784 100019 2
R 104828 104869 2
R 105990 106071 2
R 107621 107982 2
R 108037 108184 2
R 108254 108481 2
R 108614 108666 2
R 108844 108974 2
R 109278 109308 2
R 109642 109809 2
R 109837 110006 2
R 110316 110387 2
R 110501 110527 2
R 110545 110636 2
R 111170 111207 2
R 111272 111331 2
R 111373 111408 2
R 111492 111521 2
R 111868 111977 2
R 112032 112087 2
R 112238 112329 2
R 112433 112505 2
R 112644 112705 2
R 112941 113096 2
R 113848 113971 2
R 114069 114134 2
R 114307 114436 2
R 114476 114505 2
R 115516 115569 2
R 120403 120502 2
R 120927 120964 2
R 121267 121315 2
R 121351 121466 2
R 122694 122805 2
R 123222 123484 2
R 124297 124348 2
R 124608 124885 2
R 125203 125282 2
R 125417 125482 2
R 126443 126580 0
R 126660 127155 0
R 127459 127510 0
R 127702 127819 2
R 127996 128027 2
R 128070 128094 2
R 128223 128349 2
R 128537 128554 2
R 128746 128807 2
R 128833 128848 2
R 128871 128976 2
R 129102 129206 2
R 129298 129347 2
R 129395 129423 2
R 129501 129630 2
R 129710 129738 2
R 129946 129973 2
R 130225 130247 2
R 130799 130838 2
R 131371 131388 2
R 131448 131530 0
R 131561 131575 0
R 131611 131626 0
R 131661 132277 0
R 132686 132712 0
R 132767 132947 0
R 133210 133287 0
R 133320 133349 0
R 133442 133619 0
R 133692 133729 0
R 133776 133853 0
R 133919 133996 0
R 134069 134189 0
R 134287 134332 0
R 134359 134597 0
R 134831 134969 0
R 135018 135455 0
R 135699 135813 2
R 136090 136178 2
R 136353 136674 2
R 136712 136801 2
R 136868 136936 2
R 137017 137115 2
R 137170 137226 2
R 137696 137844 0
R 137992 138075 2
R 138161 138229 2
R 138522 138575 2
R 138636 138675 2
R 138749 138775 2
R 138800 138989 2
R 139181 139243 2
R 139575 139749 2
R 139785 139824 2
R 140610 140840 2
R 140932 141105 2
R 141173 141226 2
R 141686 141911 2
R 141960 142002 2
R 142079 142203 2
R 142397 142442 2
R 142566 142661 2
R 142705 142769 2
R 142813 142928 2
R 143254 143307 2
R 143353 143549 2
R 143599 143700 2
R 143755 143800 2
R 144085 144148 2
R 144284 144358 2
R 144393 144493 2
R 144663 144706 2
R 145343 145684 2
R 145800 145931 2
R 145995 146146 2
R 146213 146263 2
R 146471 146598 2
R 146643 146741 2
R 146810 146849 2
R 147271 147340 2
R 147454 147577 2
R 147620 147664 2
R 147717 147825 2
R 147949 148095 2
R 148444 148467 2
R 148547 148690 2
R 148830 148894 2
R 149183 149418 2
R 149499 149752 0
R 150098 150345 2
R 150759 150828 2
R 151174 151302 2
R 158465 158727 2
R 158830 158873 2
R 158926 158997 2
R 159071 159116 2
R 159246 159274 2
R 159299 159325 2
R 159368 159553 2
R 160466 160491 2
R 165830 166022 2
R 168601 168721 2
R 168796 168854 2
R 168914 169016 2
R 169108 169358 2
R 169633 169828 2
R 169877 169971 2
R 170147 170343 0
R 170949 171101 0
R 172129 172444 0
R 172515 172597 0
R 173582 173652 0
R 173692 173890 2
R 173984 174111 2
R 174450 174505 0
R 174571 174803 0
R 174879 175030 0
R 175484 175525 0
R 175860 175860 0
R 176307 176353 0
R 176481 176557 0
R 177052 177661 0
R 177828 177933 0
R 178466 178513 0
R 179140 179212 0
R 179609 179652 0
R 180843 181206 0
R 181495 181787 0
R 182600 182700 0
R 182848 183054 0
R 183434 183678 0
R 184450 184490 0
R 185169 185229 0
R 185705 186504 0