type int

R 31 740 0
R 1056 1127 1
R 8573 8693 1
R 8737 9204 1
R 9561 9682 1
R 11278 11350 1
R 13636 13739 1
R 13850 14143 1
R 14183 14210 1
R 14258 14375 1
R 14402 14563 1
R 14789 14835 1
R 14899 14975 1
R 15302 15382 1
R 15553 15677 1
R 19726 19840 1
R 20278 20527 1
R 21138 21185 1
R 21213 21244 1
R 21318 21430 0
R 21636 21695 1
R 22583 22706 1
R 22827 23012 1
R 23804 23898 1
R 23984 24139 1
R 28297 28352 1
R 29073 29135 1
R 31369 31766 0
R 31936 32052 1
R 32156 32249 1
R 32493 32562 1
R 32639 32694 1
R 32742 32842 1
R 33336 33436 1
R 37090 37112 1
R 37173 37245 1
R 38589 38751 1
R 41158 41528 1
R 41841 41841 1
R 42511 42634 1
R 42711 43981 1
R 44089 44131 1
R 44547 44653 1
R 44708 44828 0
R 44829 44895 1
R 44933 45072 1
R 45173 45303 1
R 45417 45494 0
R 45549 45912 1
R 46289 46503 0
R 46753 46829 0
R 46923 47069 0
R 47202 47319 0
R 47704 47986 0
R 48234 48344 0
R 48344 48796 0
R 54440 54957 1
R 56446 56590 1
R 57878 58337 1
R 65207 65418 1
R 67523 67581 1
R 72741 72976 1
R 75266 75323 1
R 75589 75848 1
R 77043 77285 1
R 77358 77516 1
R 77639 77866 1
R 78017 78074 1
R 78102 78134 1
R 78188 78325 1
R 78477 78602 1
R 78705 78918 1
R 79002 79062 1
R 79398 79470 0
R 79818 79960 1 
R 80759 80880 1
R 81034 81113 1
R 81196 81327 1
R 85389 85766 1
R 85944 86381 1
R 87972 88418 1
R 88526 89008 1
R 90118 90321 1
R 91176 91331 1
R 92318 92380 1
R 92474 92667 1
R 92964 93065 1
R 93176 93405 1
R 93588 94086 1
R 96178 96458 1
R 96627 96825 1
R 99381 99642 1
R 100710 100995 1
R 101297 101768 1
R 102405 102452 1
R 102591 102700 1
R 103025 103406 1
R 105100 105167 1
R 108914 108986 1
R 109095 109452 1
R 109556 109649 1
R 109798 110001 1
R 110098 110167 1
R 110344 110686 1
R 110731 110781 1
R 110928 111203 1
R 111246 111395 1
R 111480 111611 1
R 111739 111930 1
R 111969 111997 1
R 118084 118117 1
R 118223 118248 1
R 123484 123659 1
R 126967 127134 1
R 127292 127406 1
R 128333 128476 1
R 129461 129620 1
R 130334 130467 1
R 132161 132255 1
R 132332 132536 1
R 133293 133549 1
R 133632 133670 1
R 134032 134098 1
R 145069 145454 1
R 145550 145722 1
R 151056 151206 1
R 151432 151660 1
R 151981 152130 1
R 152350 152450 1
R 152846 153035 1
R 153422 153554 1
R 153651 153861 1
R 154139 154423 1
R 154582 154768 1
R 157338 157393 1
